# id	left	top	right	bottom	texture_id
[SPRITES]
#==================---------- Goomba----------------==================
#============----Goomba Nau---------======
#khong canh
50500	15	4	31	20	30
50501	65	4	81	20	30
# cos canh
50502	113	0	133	24	30
50503	163	0	183	24	30
#di mat dat
50504	213	-3	233	21	30
50505	263	-3	283	21	30
#chet
50506	315	0	331	16	30
#nguoc
#khong canh
50520	265	29	281	45	30
50521	315	29	331	45	30
# cos canh
50522	213	25	231	49	30
50523	163	25	181	49	30
#di mat dat
50524	113	29	133	48	30
50525	63	29	83	49	30
#==========-------Goomba do------========
#khong canh
50510	15	54	31	70	30
50511	65	54	81	70	30
#co canh
50512	113	50	133	74	30
50513	163	50	183	74	30
#di mat dat
50514	213	47	233	71	30
50515	263	47	283	71	30
#chet
50516	315	50	331	66	30
#nguoc
#khong canh
50530	265	79	281	95	30
50531	315	79	331	95	30
# cos canh
50532	213	75	231	99	30
50533	163	75	181	99	30
#di mat dat
50534	113	79	133	78	30
50535	63	79	83	79	30
# ani_id	sprite1_id	time1	sprite2_id	time2	...
[ANIMATIONS]
#=============--------Goomba-----------====================
#=======----Goomba nau-------------=====
# ko canh
5000	50500	100	50501	100
#co canh
5001	50502	100	50503	100
#mat dat
5002	50504	150	50505	150	50502	150	50503	150
#chet
5003	50506	100
#nguoc
# ko canh
5004	50520	100	50521	100
#co canh
5005	50522	100	50523	100
#mat dat
5006	50524	100	50525	100
#==========---- Goomba do-----====
# ko canh
5050	50510	100	50511	100
#co canh
5051	50512	100	50513	100
#mat dat
5052	50514	150	50515	150	50512	150	50513	150
#chet
5053	50516	100
#nguoc
# ko canh
5054	50530	100	50531	100
#co canh
5055	50532	100	50533	100
#mat dat
5056	50534	100	50535	100