[SPRITES]
#=================----Koopas----================
#=======----Koopas blue-----=====
#khong canh ben phai
50600	215	98	231	125	30
50601	255	98	271	125	30
#khong canh ben trai	
50602	165	98	181	125	30
50603	125	98	141	125	30
#bay ben phai			
50604	215	148	231	175	30
50605	255	148	271	175	30
#bay ben trai			
50606	165	148	181	175	30
50607	125	148	141	175	30
#co canh di ben phai	
50608	295	148	311	175	30
50609	335	148	351	175	30
#co canh di ben trai	
50610	85	148	101	175	30
50611	45	148	61	175	30
# up rua				
50620	50	104	66	120	30
#up di chuyen			
50621	15	104	31	120	30
50622	15	129	31	145	30
50623	15	154	31	170	30
# ngua rua				
50624	330	104	346	120	30
# ngua di chuyen		
50625	365	104	381	120	30
50626	365	129	381	145	30
50627	365	154	381	170	30
#co chan UP				
50628	84	103	102	120	30
#co chan DOWN
50629	294	103	312	120	30
#=======----Koopas red----=====
#khong canh ben phai
50650	215	198	231	225	30
50651	255	198	271	225	30
#khong canh ben trai	
50652	165	198	181	225	30
50653	125	198	141	225	30
#bay ben phai			
50654	215	248	231	275	30
50655	255	248	271	275	30
#bay ben trai			
50656	165	248	181	275	30
50657	125	248	141	275	30
#co canh di ben phai	
50658	295	248	311	275	30
50659	335	248	351	275	30
#co canh di ben trai	30
50660	85	248	101	275	30
50661	45	248	61	275	30
# up rua				
50670	50	204	66	220	30
50671	15	204	31	220	30
50672	15	229	31	245	30
50673	15	254	31	270	30
# ngua rua				
50674	330	204	346	220	30
50675	365	204	381	220	30
50676	365	229	381	245	30
50677	365	254	381	270	30
#co chan				
50678	84	203	102	220	30
#co chan				
50679	294	203	312	220	30
[ANIMATIONS]
#=============koopas-==============
#====-koopas blue-------===
#ko canh phai
5500	50600	100	50601	100
#khong canh trai
5501	50602	100	50603	100
# bay phai
5502	50604	100	50609	100
#bay trai
5503	50606	100	50611	100
#up di chuyen
5504	50621	100	50622	100	50623	100
#ngua di chuyen
5505	50625	100	50626	100	50627	100
#up rua
5506	50620	100
#DOWN rua
5507	50624	100
#co chan
5508	50628	200
#co chan
5509	50629	200
#====-koopas red-------===
#ko canh phai
5550	50650	100	50651	100
#khong canh trai
5551	50652	100	50653	100
# bay phai
5552	50654	100	50659	100
#bay trai
5553	50656	100	50661	100
#up di chuyen
5554	50671	100	50672	100	50673	100
# down di chuyen
5555	50675	100	50676	100	50677	100
#up rua
5556	50670	100
#DOWN rua
5557	50674	100
#co chan
5558	50678	200
#co chan
5559	50679	200