# list of object assets to load in this scene
[ASSETS]
data\mario.txt
data\coin.txt
data\cloud.txt
data\pandora_brick.txt
data\bronze_brick.txt
data\goomba.txt
data\koopa.txt
data\items.txt
data\pipe.txt
data\magic_coin_brick.txt
#
[OBJECTS]
# type	x	y	extra_settings per object type
# type: 0 = Mario , 1 = Brick, 2 = Goomba, 3 = Koopas
# See OBJECT_TYPE constants in AssetIDs.h

# MARIO
#0	500	50
0	100	50

# Goomba
2	230	399
2	536	408
2	840	392
2	888	392
#3	536	406
3	944	370

# Koopa
19	599	368
20	1480	400
21	1336	304
21	1384	304
21	1432	304
#19	2107	351

# Pandora Brick
1	184	360	1	1
1	200	360	1	1
1	232	312	1	1
1	248	312	1	0
1	424	328	1	1
1	664	392	1	0
1	712	360	1	1
1	1448	136	2	5
1	1480	376	1	0
1	2040	376	2	6

# Pipe
12	368	392	2
12	1808	400	1
12	1872	392	2
12	2272	216	4
12	2272	392	6
12	2336	400	1
12	2112	480	5
12	2336	480	5

# Magic Coin Brick
# Coin
16	1081	328
16	1113	296
16	1145	264
16	1177	232
16	1209	200
16	1337	88
16	1353	88
16	1369	88
16	1481	120
16	1497	120
16	1545	136
16	1561	136
16	1577	136
16	1593	136
16	1625	120
16	1641	120
16	1657	120
16	1673	120
16	1705	152
16	1737	120
16	1769	136
16	1817	104
16	1849	136
# hidden zone Coin
16	2185	512
16	2201	496
16	2217	496
16	2233	512
16	2233	528
16	2201	544
16	2217	544
16	2233	560
16	2233	576
16	2217	592
16	2201	592
16	2185	576

# Bronze Brick
11	1960	408
11	1976	392
11	1976	408
11	1992	376
11	1992	392
11	1992	408
11	2008	376
11	2008	392
11	2008	408
11	2024	376
11	2024	392
11	2024	408
11	2040	392
11	2040	408
11	2056	408
11	2104	392
11	2104	408
11	2120	408

# Ground
4	0	416	39	1
4	624	400	29	2
4	1152	416	22	1
4	1536	416	5	1
4	1664	416	36	1
4	2256	416	35	1
4	-16	384	1	10
4	1505	336	2	1
4	1569	400	1	1
4	1585	384	1	2
4	1601	368	1	3
4	1664	368	1	3
4	1681	384	1	2
4	1697	400	1	1

# Color Box
5	240	368	3	3
5	272	336	3	5
5	400	368	5	3
5	464	336	4	5
5	512	384	6	2
5	512	304	4	7
5	1264	384	7	2
5	1296	352	7	4
5	1328	320	7	6
5	2144	368	3	3
5	2176	272	3	9
5	1408	192	4	1
5	1488	176	13	1
5	1312	144	4	2

# Portal 
#55	200	160	216	180	1

[TILEMAP]
8888	textures\map1.png	data\map1.txt	41	2	41	177


